2.392586539185727723e+00;2.167969942092895508e+00
2.396949862315713720e+00;2.174555808305740356e+00
2.401313185445699272e+00;2.188826799392700195e+00
2.405676508575685268e+00;2.198137938976287842e+00
2.410039831705671265e+00;2.208344489336013794e+00
2.414403154835656817e+00;2.218478173017501831e+00
2.418766477965642814e+00;2.228077352046966553e+00
2.423129801095628366e+00;2.240426093339920044e+00
2.427493124225614363e+00;2.250259220600128174e+00
2.431856447355600359e+00;2.262926101684570312e+00
2.436219770485585912e+00;2.273099124431610107e+00
2.440583093615571908e+00;2.286969125270843506e+00
2.444946416745557904e+00;2.298185527324676514e+00
2.449309739875543457e+00;2.309288084506988525e+00
2.453673063005529453e+00;2.322261780500411987e+00
2.458036386135515006e+00;2.333549261093139648e+00
2.462399709265501002e+00;2.348179370164871216e+00
2.466763032395486555e+00;2.359937131404876709e+00
2.471126355525472995e+00;2.375461608171463013e+00
2.475489678655458547e+00;2.385788410902023315e+00
2.479853001785444100e+00;2.401680946350097656e+00
2.484216324915430540e+00;2.413119077682495117e+00
2.488579648045416093e+00;2.426402568817138672e+00
2.492942971175401645e+00;2.442908287048339844e+00
2.497306294305387198e+00;2.455896884202957153e+00
2.501669617435373638e+00;2.468696534633636475e+00
2.506032940565359191e+00;2.484349310398101807e+00
2.510396263695344743e+00;2.499337196350097656e+00
2.514759586825331183e+00;2.513408958911895752e+00
2.519122909955316736e+00;2.528416216373443604e+00
2.523486233085302288e+00;2.543345093727111816e+00
2.527849556215288729e+00;2.559466063976287842e+00
2.532212879345274281e+00;2.575562596321105957e+00
2.536576202475259834e+00;2.591142356395721436e+00
2.540939525605245386e+00;2.610829770565032959e+00
2.545302848735231827e+00;2.627259790897369385e+00
2.549666171865217379e+00;2.642971575260162354e+00
2.554029494995202931e+00;2.658123970031738281e+00
2.558392818125189372e+00;2.676636576652526855e+00
2.562756141255174924e+00;2.695777416229248047e+00
2.567119464385160477e+00;2.713056802749633789e+00
2.571482787515146917e+00;2.731060981750488281e+00
2.575846110645132470e+00;2.749248743057250977e+00
2.580209433775118022e+00;2.746235728263854980e+00
2.584572756905104463e+00;2.737444043159484863e+00
2.588936080035090015e+00;2.730324268341064453e+00
2.593299403165075567e+00;2.724462449550628662e+00
2.597662726295061120e+00;2.714001238346099854e+00
2.602026049425047560e+00;2.710155844688415527e+00
2.606389372555033113e+00;2.703147530555725098e+00
2.610752695685018665e+00;2.694150507450103760e+00
2.615116018815005106e+00;2.689140141010284424e+00
2.619479341944990658e+00;2.680313587188720703e+00
2.623842665074976210e+00;2.675142586231231689e+00
2.628205988204962651e+00;2.668973803520202637e+00
2.632569311334948203e+00;2.663260996341705322e+00
2.636932634464933756e+00;2.656800746917724609e+00
2.641295957594920196e+00;2.647977173328399658e+00
2.645659280724905749e+00;2.642722427845001221e+00
2.650022603854891301e+00;2.635576128959655762e+00
2.654385926984876853e+00;2.630770802497863770e+00
2.658749250114863294e+00;2.625218033790588379e+00
2.663112573244848846e+00;2.618725001811981201e+00
2.667475896374834399e+00;2.610301971435546875e+00
2.671839219504820839e+00;2.608362138271331787e+00
2.676202542634806392e+00;2.601333260536193848e+00
2.680565865764791944e+00;2.596854567527770996e+00
2.684929188894778385e+00;2.589872181415557861e+00
2.689292512024763937e+00;2.584967911243438721e+00
2.693655835154749489e+00;2.577692866325378418e+00
2.698019158284735042e+00;2.572257816791534424e+00
2.702382481414721482e+00;2.566744685173034668e+00
2.706745804544707035e+00;2.563288509845733643e+00
2.711109127674692587e+00;2.557549476623535156e+00
2.715472450804679028e+00;2.550759017467498779e+00
2.719835773934664580e+00;2.546169161796569824e+00
2.724199097064650132e+00;2.540873587131500244e+00
2.728562420194636573e+00;2.539692819118499756e+00
2.732925743324622125e+00;2.532020807266235352e+00
2.737289066454607678e+00;2.530167698860168457e+00
2.741652389584594118e+00;2.525177597999572754e+00
2.746015712714579671e+00;2.519617974758148193e+00
2.750379035844565223e+00;2.515776753425598145e+00
2.754742358974550775e+00;2.508894205093383789e+00
2.759105682104537216e+00;2.505011856555938721e+00
2.763469005234522768e+00;2.501764893531799316e+00
2.767832328364508321e+00;2.495848834514617920e+00
2.772195651494494761e+00;2.492102384567260742e+00
2.776558974624480314e+00;2.490545064210891724e+00
2.780922297754465866e+00;2.485805302858352661e+00
2.785285620884452307e+00;2.481263130903244019e+00
2.789648944014437859e+00;2.477171123027801514e+00
2.794012267144423411e+00;2.473070323467254639e+00
2.798375590274409852e+00;2.468148171901702881e+00
2.802738913404395404e+00;2.465667724609375000e+00
2.807102236534380957e+00;2.461585253477096558e+00
2.811465559664366509e+00;2.459516227245330811e+00
2.815828882794352950e+00;2.454364001750946045e+00
2.820192205924338502e+00;2.449031174182891846e+00
2.824555529054324055e+00;2.447714805603027344e+00
2.828918852184310495e+00;2.444872111082077026e+00
2.833282175314296047e+00;2.439616024494171143e+00
2.837645498444281600e+00;2.438227236270904541e+00
2.842008821574268040e+00;2.433296740055084229e+00
2.846372144704253593e+00;2.431598454713821411e+00
2.850735467834239145e+00;2.428647577762603760e+00
2.855098790964224698e+00;2.424284517765045166e+00
2.859462114094211138e+00;2.422381192445755005e+00
2.863825437224196691e+00;2.419269979000091553e+00
2.868188760354182243e+00;2.416189163923263550e+00
2.872552083484168683e+00;2.413319647312164307e+00
2.876915406614154236e+00;2.410038262605667114e+00
2.881278729744139788e+00;2.406152039766311646e+00
2.885642052874126229e+00;2.404129058122634888e+00
2.890005376004111781e+00;2.402589321136474609e+00
2.894368699134097334e+00;2.399380505084991455e+00
2.898732022264083774e+00;2.394606769084930420e+00
2.903095345394069327e+00;2.391583472490310669e+00
2.907458668524054879e+00;2.388997972011566162e+00
2.911821991654040431e+00;2.386974394321441650e+00
2.916185314784026872e+00;2.387456595897674561e+00
2.920548637914012424e+00;2.384513616561889648e+00
2.924911961043997977e+00;2.382521182298660278e+00
2.929275284173984417e+00;2.378965914249420166e+00
2.933638607303969970e+00;2.375103533267974854e+00
2.938001930433955522e+00;2.374574393033981323e+00
2.942365253563941963e+00;2.370820492506027222e+00
2.946728576693927515e+00;2.368715107440948486e+00
2.951091899823913067e+00;2.366800755262374878e+00
2.955455222953899508e+00;2.365424185991287231e+00
2.959818546083885060e+00;2.365654259920120239e+00
2.964181869213870613e+00;2.364492863416671753e+00
2.968545192343856165e+00;2.361398041248321533e+00
2.972908515473842606e+00;2.359721660614013672e+00
2.977271838603828158e+00;2.357055842876434326e+00
2.981635161733813710e+00;2.355634421110153198e+00
2.985998484863800151e+00;2.354321777820587158e+00
2.990361807993785703e+00;2.354553937911987305e+00
2.994725131123771256e+00;2.350434809923171997e+00
2.999088454253757696e+00;2.349163293838500977e+00
3.003451777383743249e+00;2.349412739276885986e+00
3.007815100513728801e+00;2.345467805862426758e+00
3.012178423643715242e+00;2.343906611204147339e+00
3.016541746773700794e+00;2.343208044767379761e+00
3.020905069903686346e+00;2.344126701354980469e+00
3.025268393033671899e+00;2.339858710765838623e+00
3.029631716163658339e+00;2.338733226060867310e+00
3.033995039293643892e+00;2.337608039379119873e+00
3.038358362423629444e+00;2.336995154619216919e+00
3.042721685553615885e+00;2.335910499095916748e+00
3.047085008683601437e+00;2.335338294506072998e+00
3.051448331813586989e+00;2.333733588457107544e+00
3.055811654943573430e+00;2.336181104183197021e+00
3.060174978073558982e+00;2.332041710615158081e+00
3.064538301203544535e+00;2.333256751298904419e+00
3.068901624333530087e+00;2.334167510271072388e+00
3.073264947463516528e+00;2.331775128841400146e+00
3.077628270593502080e+00;2.331463843584060669e+00
3.081991593723487632e+00;2.328446209430694580e+00
3.086354916853474073e+00;2.330269068479537964e+00
3.090718239983459625e+00;2.330661565065383911e+00
3.095081563113445178e+00;2.329906672239303589e+00
3.099444886243431618e+00;2.328552454710006714e+00
3.103808209373417171e+00;2.327786386013031006e+00
3.108171532503402723e+00;2.327243536710739136e+00
3.112534855633389164e+00;2.329064160585403442e+00
3.116898178763374716e+00;2.328669577836990356e+00
3.121261501893360268e+00;2.328560352325439453e+00
3.125624825023345821e+00;2.328312844038009644e+00
3.129988148153332261e+00;2.325451672077178955e+00
3.134351471283317814e+00;2.325677126646041870e+00
3.138714794413303366e+00;2.327237129211425781e+00
3.143078117543289807e+00;2.325944006443023682e+00
3.147441440673275359e+00;2.326074540615081787e+00
3.151804763803260911e+00;2.328356802463531494e+00
3.156168086933247352e+00;2.325356751680374146e+00
3.160531410063232904e+00;2.326547801494598389e+00
3.164894733193218457e+00;2.328986823558807373e+00
3.169258056323204897e+00;2.326098680496215820e+00
3.173621379453190450e+00;2.327868938446044922e+00
3.177984702583176002e+00;2.326370179653167725e+00
3.182348025713161555e+00;2.328010499477386475e+00
3.186711348843147995e+00;2.329231947660446167e+00
3.191074671973133547e+00;2.331191748380661011e+00
3.195437995103119100e+00;2.329658716917037964e+00
3.199801318233105540e+00;2.329016178846359253e+00
3.204164641363091093e+00;2.332763224840164185e+00
3.208527964493076645e+00;2.333669662475585938e+00
3.212891287623063086e+00;2.333502471446990967e+00
3.217254610753048638e+00;2.334974706172943115e+00
3.221617933883034191e+00;2.334402054548263550e+00
3.225981257013019743e+00;2.335280925035476685e+00
3.230344580143006183e+00;2.336607873439788818e+00
3.234707903272991736e+00;2.335245907306671143e+00
3.239071226402977288e+00;2.339878827333450317e+00
3.243434549532963729e+00;2.341140508651733398e+00
3.247797872662949281e+00;2.342031747102737427e+00
3.252161195792934834e+00;2.342658936977386475e+00
3.256524518922921274e+00;2.344156205654144287e+00
3.260887842052906826e+00;2.345099896192550659e+00
3.265251165182892379e+00;2.343122512102127075e+00
3.269614488312878819e+00;2.345057278871536255e+00
3.273977811442864372e+00;2.347730398178100586e+00
3.278341134572849924e+00;2.348584681749343872e+00
3.282704457702835477e+00;2.350730597972869873e+00
3.287067780832821917e+00;2.351723015308380127e+00
3.291431103962807470e+00;2.353570014238357544e+00
3.295794427092793022e+00;2.356856614351272583e+00
3.300157750222779462e+00;2.356193512678146362e+00
3.304521073352765015e+00;2.308785021305084229e+00
3.308884396482750567e+00;2.248255759477615356e+00
3.313247719612737008e+00;2.191464155912399292e+00
3.317611042742722560e+00;2.140024155378341675e+00
3.321974365872708113e+00;2.088743746280670166e+00
3.326337689002694553e+00;2.037277221679687500e+00
3.330701012132680106e+00;1.991066932678222656e+00
3.335064335262665658e+00;1.949355304241180420e+00
3.339427658392651210e+00;1.903341710567474365e+00
3.343790981522637651e+00;1.863279044628143311e+00
3.348154304652623203e+00;1.826212108135223389e+00
3.352517627782608756e+00;1.790087074041366577e+00
3.356880950912595196e+00;1.753500550985336304e+00
3.361244274042580749e+00;1.717020571231842041e+00
3.365607597172566301e+00;1.685612797737121582e+00
3.369970920302552742e+00;1.654757708311080933e+00
3.374334243432538294e+00;1.621727496385574341e+00
3.378697566562523846e+00;1.594137251377105713e+00
3.383060889692509399e+00;1.566485762596130371e+00
3.387424212822495839e+00;1.540165096521377563e+00
3.391787535952481392e+00;1.511936783790588379e+00
3.396150859082466944e+00;1.486889272928237915e+00
3.400514182212453385e+00;1.464056670665740967e+00
3.404877505342438937e+00;1.439044177532196045e+00
3.409240828472424489e+00;1.417776048183441162e+00
3.413604151602410930e+00;1.393528282642364502e+00
3.417967474732396482e+00;1.372385919094085693e+00
3.422330797862382035e+00;1.353625655174255371e+00
3.426694120992368475e+00;1.335750371217727661e+00
3.431057444122354028e+00;1.314078420400619507e+00
3.435420767252339580e+00;1.298714578151702881e+00
3.439784090382325132e+00;1.279598474502563477e+00
3.444147413512311573e+00;1.262624263763427734e+00
3.448510736642297125e+00;1.244583353400230408e+00
3.452874059772282678e+00;1.229259222745895386e+00
3.457237382902269118e+00;1.213562488555908203e+00
3.461600706032254671e+00;1.198127418756484985e+00
3.465964029162240223e+00;1.184350699186325073e+00
3.470327352292226664e+00;1.168540939688682556e+00
3.474690675422212216e+00;1.154674515128135681e+00
3.479053998552197768e+00;1.142530217766761780e+00
3.483417321682184209e+00;1.129581183195114136e+00
3.487780644812169761e+00;1.113858371973037720e+00
3.492143967942155314e+00;1.101837754249572754e+00
3.496507291072140866e+00;1.087653189897537231e+00
3.500870614202127307e+00;1.078386455774307251e+00
3.505233937332112859e+00;1.064072474837303162e+00
3.509597260462098411e+00;1.052190065383911133e+00
3.513960583592084852e+00;1.041504293680191040e+00
3.518323906722070404e+00;1.032611504197120667e+00
3.522687229852055957e+00;1.018440127372741699e+00
3.527050552982042397e+00;1.010571569204330444e+00
3.531413876112027950e+00;9.987409412860870361e-01
3.535777199242013502e+00;9.909579902887344360e-01
3.540140522371999054e+00;9.784533828496932983e-01
3.544503845501985495e+00;9.689269214868545532e-01
3.548867168631971047e+00;9.589118510484695435e-01
3.553230491761956600e+00;9.503989666700363159e-01
3.557593814891943040e+00;9.426069259643554688e-01
3.561957138021928593e+00;9.346000105142593384e-01
3.566320461151914145e+00;9.237141907215118408e-01
3.570683784281900586e+00;9.152977168560028076e-01
3.575047107411886138e+00;9.063778072595596313e-01
3.579410430541871690e+00;9.002070873975753784e-01
3.583773753671858131e+00;8.909457176923751831e-01
3.588137076801843683e+00;8.834251016378402710e-01
3.592500399931829236e+00;8.738266676664352417e-01
3.596863723061814788e+00;8.689628541469573975e-01
3.601227046191801229e+00;8.590792119503021240e-01
3.605590369321786781e+00;8.526811748743057251e-01
3.609953692451772334e+00;8.445730060338973999e-01
3.614317015581758774e+00;8.407934010028839111e-01
3.618680338711744326e+00;8.313352614641189575e-01
3.623043661841729879e+00;8.250465989112854004e-01
3.627406984971716319e+00;8.184541761875152588e-01
3.631770308101701872e+00;8.116970956325531006e-01
3.636133631231687424e+00;8.047163486480712891e-01
3.640496954361673865e+00;8.000846952199935913e-01
3.644860277491659417e+00;7.934300601482391357e-01
3.649223600621644970e+00;7.874684035778045654e-01
3.653586923751630522e+00;7.813782989978790283e-01
3.657950246881616962e+00;7.757250964641571045e-01
3.662313570011602515e+00;7.688146084547042847e-01
3.666676893141588067e+00;7.655687630176544189e-01
3.671040216271574508e+00;7.585708051919937134e-01
3.675403539401560060e+00;7.533646374940872192e-01
3.679766862531545613e+00;7.465788722038269043e-01
3.684130185661532053e+00;7.433373481035232544e-01
3.688493508791517606e+00;7.351811975240707397e-01
3.692856831921503158e+00;7.339639961719512939e-01
3.697220155051488710e+00;7.278801500797271729e-01
3.701583478181475151e+00;7.218126952648162842e-01
3.705946801311460703e+00;7.169686257839202881e-01
3.710310124441446256e+00;7.105755805969238281e-01
3.714673447571432696e+00;7.067738473415374756e-01
3.719036770701418249e+00;7.049358636140823364e-01
3.723400093831403801e+00;6.991256773471832275e-01
3.727763416961390242e+00;6.936693936586380005e-01
3.732126740091375794e+00;6.907564401626586914e-01
3.736490063221361346e+00;6.867004185914993286e-01
3.740853386351347787e+00;6.823372095823287964e-01
3.745216709481333339e+00;6.786648184061050415e-01
3.749580032611318892e+00;6.740389019250869751e-01
3.753943355741304444e+00;6.672921776771545410e-01
3.758306678871290885e+00;6.642741709947586060e-01
3.762670002001276437e+00;6.598708033561706543e-01
3.767033325131261989e+00;6.570571660995483398e-01
3.771396648261248430e+00;6.536269187927246094e-01
3.775759971391233982e+00;6.510420888662338257e-01
3.780123294521219535e+00;6.439086049795150757e-01
3.784486617651205975e+00;6.407386064529418945e-01
3.788849940781191528e+00;6.381758302450180054e-01
3.793213263911177080e+00;6.353944540023803711e-01
3.797576587041163521e+00;6.312145292758941650e-01
3.801939910171149073e+00;6.272049248218536377e-01
3.806303233301134625e+00;6.231248378753662109e-01
3.810666556431120178e+00;6.193410605192184448e-01
3.815029879561106618e+00;6.180531531572341919e-01
3.819393202691092171e+00;6.161464005708694458e-01
3.823756525821077723e+00;6.095310300588607788e-01
3.828119848951064164e+00;6.082621216773986816e-01
3.832483172081049716e+00;6.054213643074035645e-01
3.836846495211035268e+00;6.018040329217910767e-01
3.841209818341021709e+00;5.966740101575851440e-01
3.845573141471007261e+00;5.963427573442459106e-01
3.849936464600992814e+00;5.937473103404045105e-01
3.854299787730978366e+00;5.915259197354316711e-01
3.858663110860964807e+00;5.860556289553642273e-01
3.863026433990950359e+00;5.826013535261154175e-01
3.867389757120935911e+00;5.819923430681228638e-01
3.871753080250922352e+00;5.769206210970878601e-01
3.876116403380907904e+00;5.774888396263122559e-01
3.880479726510893457e+00;5.735253170132637024e-01
3.884843049640879897e+00;5.720793083310127258e-01
3.889206372770865450e+00;5.660876631736755371e-01
3.893569695900851002e+00;5.632292479276657104e-01
3.897933019030837443e+00;5.614409968256950378e-01
3.902296342160822995e+00;5.606358125805854797e-01
3.906659665290808547e+00;5.582873150706291199e-01
3.911022988420794100e+00;5.537960678339004517e-01
3.915386311550780540e+00;5.536817386746406555e-01
3.919749634680766093e+00;5.519311875104904175e-01
3.924112957810751645e+00;5.496925115585327148e-01
3.928476280940738086e+00;5.511614680290222168e-01
3.932839604070723638e+00;5.535442382097244263e-01
3.937202927200709190e+00;5.544565990567207336e-01
3.941566250330695631e+00;5.593547224998474121e-01
3.945929573460681183e+00;5.614157766103744507e-01
3.950292896590666736e+00;5.644561722874641418e-01
3.954656219720653176e+00;5.668180435895919800e-01
3.959019542850638729e+00;5.695899575948715210e-01
3.963382865980624281e+00;5.706440284848213196e-01
3.967746189110609834e+00;5.734051391482353210e-01
3.972109512240596274e+00;5.757579952478408813e-01
3.976472835370581826e+00;5.788393691182136536e-01
3.980836158500567379e+00;5.843862146139144897e-01
3.985199481630553819e+00;5.872214585542678833e-01
3.989562804760539372e+00;5.871204659342765808e-01
3.993926127890524924e+00;5.901985242962837219e-01
3.998289451020511365e+00;5.925435572862625122e-01
4.002652774150496917e+00;5.987612530589103699e-01
4.007016097280482470e+00;5.996597930788993835e-01
4.011379420410468022e+00;6.014301627874374390e-01
4.015742743540454462e+00;6.065071746706962585e-01
4.020106066670440015e+00;6.087489053606987000e-01
4.024469389800425567e+00;6.112838909029960632e-01
4.028832712930412008e+00;6.162263080477714539e-01
4.033196036060397560e+00;6.193721294403076172e-01
4.037559359190383113e+00;6.237629801034927368e-01
4.041922682320369553e+00;6.249876692891120911e-01
4.046286005450355105e+00;6.302428990602493286e-01
4.050649328580340658e+00;6.330911070108413696e-01
4.055012651710327098e+00;6.351082026958465576e-01
4.059375974840312651e+00;6.395374238491058350e-01
4.063739297970298203e+00;6.416358053684234619e-01
4.068102621100283756e+00;6.477887928485870361e-01
4.072465944230270196e+00;6.508549302816390991e-01
4.076829267360255749e+00;6.555469334125518799e-01
4.081192590490241301e+00;6.574271619319915771e-01
4.085555913620227741e+00;6.611699610948562622e-01
4.089919236750213294e+00;6.658299267292022705e-01
4.094282559880198846e+00;6.720569729804992676e-01
4.098645883010185287e+00;6.743976473808288574e-01
4.103009206140170839e+00;6.793307512998580933e-01
4.107372529270156392e+00;6.813904643058776855e-01
4.111735852400142832e+00;6.882594525814056396e-01
4.116099175530128385e+00;6.921532750129699707e-01
4.120462498660113937e+00;6.944281607866287231e-01
4.124825821790099489e+00;7.025416940450668335e-01
4.129189144920085930e+00;7.068242877721786499e-01
4.133552468050071482e+00;7.087191939353942871e-01
4.137915791180057035e+00;7.162899523973464966e-01
4.142279114310043475e+00;7.186734676361083984e-01
4.146642437440029028e+00;7.235039770603179932e-01
4.151005760570014580e+00;7.292789965867996216e-01
4.155369083700001021e+00;7.349933683872222900e-01
4.159732406829986573e+00;7.394086569547653198e-01
4.164095729959972125e+00;7.431364059448242188e-01
4.168459053089958566e+00;7.489662617444992065e-01
4.172822376219944118e+00;7.547009736299514771e-01
4.177185699349929671e+00;7.605401426553726196e-01
4.181549022479915223e+00;7.644694298505783081e-01
4.185912345609901664e+00;7.738532871007919312e-01
4.190275668739887216e+00;7.784666121006011963e-01
4.194638991869872768e+00;7.835371792316436768e-01
4.199002314999859209e+00;7.916861027479171753e-01
4.203365638129844761e+00;7.950726151466369629e-01
4.207728961259830314e+00;8.037827163934707642e-01
4.212092284389816754e+00;8.091486990451812744e-01
4.216455607519802307e+00;8.148916810750961304e-01
4.220818930649787859e+00;8.197711408138275146e-01
4.225182253779773411e+00;8.261729776859283447e-01
4.229545576909759852e+00;8.344674110412597656e-01
4.233908900039745404e+00;8.419594913721084595e-01
4.238272223169730957e+00;8.495128154754638672e-01
4.242635546299717397e+00;8.560313284397125244e-01
4.246998869429702950e+00;8.625011146068572998e-01
4.251362192559688502e+00;8.700006455183029175e-01
4.255725515689674943e+00;8.787886798381805420e-01
4.260088838819660495e+00;8.853086829185485840e-01
4.264452161949646047e+00;8.929675072431564331e-01
4.268815485079632488e+00;9.034664928913116455e-01
4.273178808209618040e+00;9.093113243579864502e-01
4.277542131339603593e+00;9.190448373556137085e-01
4.281905454469589145e+00;9.260014444589614868e-01
4.286268777599575586e+00;9.371830523014068604e-01
4.290632100729561138e+00;9.441258013248443604e-01
4.294995423859546690e+00;9.549246728420257568e-01
4.299358746989533131e+00;9.651917219161987305e-01
4.303722070119518683e+00;9.732513129711151123e-01
4.308085393249504236e+00;9.850001335144042969e-01
4.312448716379490676e+00;9.922485053539276123e-01
4.316812039509476229e+00;1.003304943442344666e+00
4.321175362639461781e+00;1.015428751707077026e+00
4.325538685769448222e+00;1.026204079389572144e+00
4.329902008899433774e+00;1.037165746092796326e+00
4.334265332029419326e+00;1.048192530870437622e+00
4.338628655159404879e+00;1.057026013731956482e+00
4.342991978289391319e+00;1.071285828948020935e+00
4.347355301419376872e+00;1.082181781530380249e+00
4.351718624549362424e+00;1.095174327492713928e+00
4.356081947679348865e+00;1.108640879392623901e+00
4.360445270809334417e+00;1.120175570249557495e+00
4.364808593939319969e+00;1.131608039140701294e+00
4.369171917069306410e+00;1.146618127822875977e+00
4.373535240199291962e+00;1.159662455320358276e+00
4.377898563329277515e+00;1.175472140312194824e+00
4.382261886459263067e+00;1.190712302923202515e+00
4.386625209589249508e+00;1.204915419220924377e+00
4.390988532719235060e+00;1.219070106744766235e+00
4.395351855849220613e+00;1.238283067941665649e+00
4.399715178979207053e+00;1.253491640090942383e+00
4.404078502109192605e+00;1.271384060382843018e+00
4.408441825239178158e+00;1.285571157932281494e+00
4.412805148369164598e+00;1.303530931472778320e+00
4.417168471499150151e+00;1.325284987688064575e+00
4.421531794629135703e+00;1.343443691730499268e+00
4.425895117759122144e+00;1.361020356416702271e+00
4.430258440889107696e+00;1.382128596305847168e+00
4.434621764019093249e+00;1.403060108423233032e+00
4.438985087149078801e+00;1.425405144691467285e+00
4.443348410279065241e+00;1.446874141693115234e+00
4.447711733409050794e+00;1.471500247716903687e+00
4.452075056539036346e+00;1.496928632259368896e+00
4.456438379669022787e+00;1.518429666757583618e+00
4.460801702799008339e+00;1.545619964599609375e+00
4.465165025928993892e+00;1.573680490255355835e+00
4.469528349058980332e+00;1.601761132478713989e+00
4.473891672188965885e+00;1.629221439361572266e+00
4.478254995318951437e+00;1.658862680196762085e+00
4.482618318448937877e+00;1.689047515392303467e+00
4.486981641578923430e+00;1.720598787069320679e+00
4.491344964708908982e+00;1.754699200391769409e+00
4.495708287838894535e+00;1.791309118270874023e+00
4.500071610968880975e+00;1.825087368488311768e+00
4.504434934098866528e+00;1.864902973175048828e+00
4.508798257228852080e+00;1.901181191205978394e+00
4.513161580358838521e+00;1.945321857929229736e+00
4.517524903488824073e+00;1.986871063709259033e+00
4.521888226618809625e+00;2.031799852848052979e+00
4.526251549748796066e+00;2.080512940883636475e+00
4.530614872878781618e+00;2.127682715654373169e+00
4.534978196008767171e+00;2.182240039110183716e+00
4.539341519138752723e+00;2.235304415225982666e+00
4.543704842268739164e+00;2.291189730167388916e+00
4.548068165398724716e+00;2.322182208299636841e+00
4.552431488528710268e+00;2.322642803192138672e+00
4.556794811658696709e+00;2.318994551897048950e+00
4.561158134788682261e+00;2.318445891141891479e+00
4.565521457918667814e+00;2.320018559694290161e+00
4.569884781048654254e+00;2.316605150699615479e+00
4.574248104178639807e+00;2.316719293594360352e+00
4.578611427308625359e+00;2.313361167907714844e+00
4.582974750438611800e+00;2.311420440673828125e+00
4.587338073568597352e+00;2.313017845153808594e+00
4.591701396698582904e+00;2.310384809970855713e+00
4.596064719828568457e+00;2.309984266757965088e+00
4.600428042958554897e+00;2.309071272611618042e+00
4.604791366088540450e+00;2.306977212429046631e+00
4.609154689218526002e+00;2.305471152067184448e+00
4.613518012348512443e+00;2.304553538560867310e+00
4.617881335478497995e+00;2.305856049060821533e+00
4.622244658608483547e+00;2.303903996944427490e+00
4.626607981738469988e+00;2.303809225559234619e+00
4.630971304868455540e+00;2.303086519241333008e+00
4.635334627998441093e+00;2.302836626768112183e+00
4.639697951128427533e+00;2.300949841737747192e+00
4.644061274258413086e+00;2.301266938447952271e+00
4.648424597388398638e+00;2.300182282924652100e+00
4.652787920518384190e+00;2.301014959812164307e+00
4.657151243648370631e+00;2.297449856996536255e+00
4.661514566778356183e+00;2.298146933317184448e+00
4.665877889908341736e+00;2.296944558620452881e+00
4.670241213038328176e+00;2.296291142702102661e+00
4.674604536168313729e+00;2.295780926942825317e+00
4.678967859298299281e+00;2.297363281250000000e+00
4.683331182428285722e+00;2.295707017183303833e+00
4.687694505558271274e+00;2.297341376543045044e+00
4.692057828688256826e+00;2.296912372112274170e+00
4.696421151818242379e+00;2.296298444271087646e+00
4.700784474948228819e+00;2.297051250934600830e+00
4.705147798078214372e+00;2.294707745313644409e+00
4.709511121208199924e+00;2.295661419630050659e+00
4.713874444338186365e+00;2.298463881015777588e+00
4.718237767468171917e+00;2.295542508363723755e+00
4.722601090598157469e+00;2.295411080121994019e+00
4.726964413728143910e+00;2.296852767467498779e+00
4.731327736858129462e+00;2.298757731914520264e+00
4.735691059988115015e+00;2.298895567655563354e+00
4.740054383118101455e+00;2.299380600452423096e+00
4.744417706248087008e+00;2.296872884035110474e+00
-1.534404277801513672e+00;2.297141253948211670e+00
-1.530040954671527897e+00;2.299932241439819336e+00
-1.525677631541542123e+00;2.300432026386260986e+00
-1.521314308411556127e+00;2.301520854234695435e+00
-1.516950985281570352e+00;2.300459891557693481e+00
-1.512587662151584578e+00;2.301536500453948975e+00
-1.508224339021598803e+00;2.301521301269531250e+00
-1.503861015891612807e+00;2.301516234874725342e+00
-1.499497692761627032e+00;2.302203923463821411e+00
-1.495134369631641258e+00;2.303672134876251221e+00
-1.490771046501655483e+00;2.304709255695343018e+00
-1.486407723371669709e+00;2.306657284498214722e+00
-1.482044400241683713e+00;2.307443171739578247e+00
-1.477681077111697938e+00;2.308303117752075195e+00
-1.473317753981712164e+00;2.310174405574798584e+00
-1.468954430851726389e+00;2.312931269407272339e+00
-1.464591107721740393e+00;2.312481105327606201e+00
-1.460227784591754618e+00;2.312289476394653320e+00
-1.455864461461768844e+00;2.314876616001129150e+00
-1.451501138331783070e+00;2.314027845859527588e+00
-1.447137815201797295e+00;2.318761050701141357e+00
-1.442774492071811299e+00;2.319133728742599487e+00
-1.438411168941825524e+00;2.319324463605880737e+00
-1.434047845811839750e+00;2.322902381420135498e+00
-1.429684522681853975e+00;2.324352562427520752e+00
-1.425321199551867979e+00;2.324367016553878784e+00
-1.420957876421882204e+00;2.325299233198165894e+00
-1.416594553291896430e+00;2.328523844480514526e+00
-1.412231230161910656e+00;2.328501641750335693e+00
-1.407867907031924659e+00;2.329700887203216553e+00
-1.403504583901938885e+00;2.334156781435012817e+00
-1.399141260771953110e+00;2.334098517894744873e+00
-1.394777937641967336e+00;2.337740957736968994e+00
-1.390414614511981561e+00;2.338304966688156128e+00
-1.386051291381995565e+00;2.338900864124298096e+00
-1.381687968252009791e+00;2.341003417968750000e+00
-1.377324645122024016e+00;2.346122711896896362e+00
-1.372961321992038242e+00;2.346137017011642456e+00
-1.368597998862052467e+00;2.347625941038131714e+00
-1.364234675732066471e+00;2.352779656648635864e+00
-1.359871352602080696e+00;2.353565245866775513e+00
-1.355508029472094922e+00;2.355350703001022339e+00
-1.351144706342109147e+00;2.357667684555053711e+00
-1.346781383212123151e+00;2.362410128116607666e+00
-1.342418060082137377e+00;2.364183962345123291e+00
-1.338054736952151602e+00;2.367455512285232544e+00
-1.333691413822165828e+00;2.369993478059768677e+00
-1.329328090692179831e+00;2.370311319828033447e+00
-1.324964767562194057e+00;2.372341454029083252e+00
-1.320601444432208282e+00;2.376371920108795166e+00
-1.316238121302222508e+00;2.378702461719512939e+00
-1.311874798172236734e+00;2.380282133817672729e+00
-1.307511475042250737e+00;2.383456975221633911e+00
-1.303148151912264963e+00;2.388703525066375732e+00
-1.298784828782279188e+00;2.392542809247970581e+00
-1.294421505652293414e+00;2.395804375410079956e+00
-1.290058182522307639e+00;2.395655810832977295e+00
-1.285694859392321643e+00;2.398972511291503906e+00
-1.281331536262335868e+00;2.403958588838577271e+00
-1.276968213132350094e+00;2.406242191791534424e+00
-1.272604890002364320e+00;2.409166395664215088e+00
-1.268241566872378545e+00;4.382968544960021973e+00
-1.263878243742392549e+00;4.390097260475158691e+00
-1.259514920612406774e+00;4.397563338279724121e+00
-1.255151597482421000e+00;4.402830600738525391e+00
-1.250788274352435003e+00;4.408864378929138184e+00
-1.246424951222449229e+00;4.412698745727539062e+00
-1.242061628092463454e+00;4.360493123531341553e+00
-1.237698304962477680e+00;4.307049214839935303e+00
-1.233334981832491906e+00;4.250182509422302246e+00
-1.228971658702505909e+00;4.198993146419525146e+00
-1.224608335572520135e+00;4.148242473602294922e+00
-1.220245012442534360e+00;4.098860323429107666e+00
-1.215881689312548586e+00;4.051487445831298828e+00
-1.211518366182562811e+00;4.002785682678222656e+00
-1.207155043052576815e+00;3.956296741962432861e+00
-1.202791719922591041e+00;3.913135826587677002e+00
-1.198428396792605266e+00;3.867738842964172363e+00
-1.194065073662619492e+00;3.826164901256561279e+00
-1.189701750532633717e+00;3.785468935966491699e+00
-1.185338427402647721e+00;3.744378089904785156e+00
-1.180975104272661946e+00;3.705256581306457520e+00
-1.176611781142676172e+00;3.666113018989562988e+00
-1.172248458012690175e+00;3.628024458885192871e+00
-1.167885134882704401e+00;3.589835166931152344e+00
-1.163521811752718627e+00;3.554077148437500000e+00
-1.159158488622732852e+00;3.518661856651306152e+00
-1.154795165492747078e+00;3.483604788780212402e+00
-1.150431842362761081e+00;3.450315296649932861e+00
-1.146068519232775307e+00;3.414912223815917969e+00
-1.141705196102789532e+00;3.385042250156402588e+00
-1.137341872972803758e+00;3.353458046913146973e+00
-1.132978549842817984e+00;3.320521712303161621e+00
-1.128615226712831987e+00;3.289738893508911133e+00
-1.124251903582846213e+00;3.261422514915466309e+00
-1.119888580452860438e+00;3.229396939277648926e+00
-1.115525257322874442e+00;3.200136125087738037e+00
-1.111161934192888889e+00;3.174988329410552979e+00
-1.106798611062902893e+00;3.146747350692749023e+00
-1.102435287932917118e+00;3.116735219955444336e+00
-1.098071964802931344e+00;3.089913725852966309e+00
-1.093708641672945348e+00;3.064237236976623535e+00
-1.089345318542959573e+00;3.039841949939727783e+00
-1.084981995412973799e+00;3.014669716358184814e+00
-1.080618672282988024e+00;2.696647942066192627e+00
-1.076255349153002250e+00;2.674435973167419434e+00
-1.071892026023016253e+00;2.652432918548583984e+00
-1.067528702893030479e+00;2.639887630939483643e+00
-1.063165379763044704e+00;2.648281455039978027e+00
-1.058802056633058930e+00;2.655338346958160400e+00
-1.054438733503073156e+00;2.661964893341064453e+00
-1.050075410373087159e+00;2.666252255439758301e+00
-1.045712087243101385e+00;2.674240469932556152e+00
-1.041348764113115610e+00;2.680871188640594482e+00
-1.036985440983129614e+00;2.685344517230987549e+00
-1.032622117853144061e+00;2.692569792270660400e+00
-1.028258794723158065e+00;2.700052261352539062e+00
-1.023895471593172291e+00;2.707415223121643066e+00
-1.019532148463186516e+00;2.688131034374237061e+00
-1.015168825333200520e+00;2.670359015464782715e+00
-1.010805502203214967e+00;2.651368379592895508e+00
-1.006442179073228971e+00;2.631769180297851562e+00
-1.002078855943243196e+00;2.615267634391784668e+00
-9.977155328132573109e-01;2.595513463020324707e+00
-9.933522096832715365e-01;2.580644488334655762e+00
-9.889888865532856510e-01;2.562698721885681152e+00
-9.846255634232998766e-01;2.545168399810791016e+00
-9.802622402933139911e-01;2.526682019233703613e+00
-9.758989171633282167e-01;2.512644529342651367e+00
-9.715355940333424423e-01;2.495358437299728394e+00
-9.671722709033565568e-01;2.478791028261184692e+00
-9.628089477733707824e-01;2.465321570634841919e+00
-9.584456246433848969e-01;2.449223995208740234e+00
-9.540823015133991225e-01;2.434614598751068115e+00
-9.497189783834132371e-01;2.417830973863601685e+00
-9.453556552534274626e-01;2.403804361820220947e+00
-9.409923321234415772e-01;2.389507740736007690e+00
-9.366290089934558027e-01;2.376820296049118042e+00
-9.322656858634700283e-01;2.362489253282546997e+00
-9.279023627334841429e-01;2.346816956996917725e+00
-9.235390396034983684e-01;2.335323393344879150e+00
-9.191757164735124830e-01;2.321659773588180542e+00
-9.148123933435267086e-01;2.308220565319061279e+00
-9.104490702135408231e-01;2.294562309980392456e+00
-9.060857470835550487e-01;2.281280755996704102e+00
-9.017224239535691632e-01;2.269968241453170776e+00
-8.973591008235833888e-01;2.257090359926223755e+00
-8.929957776935976144e-01;2.244747877120971680e+00
-8.886324545636117289e-01;2.231667935848236084e+00
-8.842691314336259545e-01;2.219265252351760864e+00
-8.799058083036400690e-01;2.208579480648040771e+00
-8.755424851736542946e-01;2.195612192153930664e+00
-8.711791620436684092e-01;2.186398208141326904e+00
-8.668158389136826347e-01;2.173689156770706177e+00
-8.624525157836967493e-01;2.163145095109939575e+00
-8.580891926537109748e-01;2.152942419052124023e+00
-8.537258695237252004e-01;2.143879830837249756e+00
-8.493625463937393150e-01;2.133113592863082886e+00
-8.449992232637535405e-01;2.121458500623703003e+00
-8.406359001337676551e-01;2.111121118068695068e+00
-8.362725770037818807e-01;2.099568396806716919e+00
-8.319092538737959952e-01;2.091584950685501099e+00
-8.275459307438102208e-01;2.079765498638153076e+00
-8.231826076138243353e-01;2.071854174137115479e+00
-8.188192844838385609e-01;2.060758322477340698e+00
-8.144559613538527865e-01;2.051414251327514648e+00
-8.100926382238669010e-01;2.040502578020095825e+00
-8.057293150938811266e-01;2.033909112215042114e+00
-8.013659919638952411e-01;2.022453099489212036e+00
-7.970026688339094667e-01;2.015567123889923096e+00
-7.926393457039235813e-01;2.003444731235504150e+00
-7.882760225739378068e-01;1.998427510261535645e+00
-7.839126994439519214e-01;1.987605243921279907e+00
-7.795493763139661469e-01;1.979569196701049805e+00
-7.751860531839803725e-01;1.970220953226089478e+00
-7.708227300539944871e-01;1.963250935077667236e+00
-7.664594069240087126e-01;1.952845901250839233e+00
-7.620960837940228272e-01;1.947376430034637451e+00
-7.577327606640370528e-01;1.936638057231903076e+00
-7.533694375340511673e-01;1.929547190666198730e+00
-7.490061144040653929e-01;1.923893392086029053e+00
-7.446427912740795074e-01;1.914514601230621338e+00
-7.402794681440937330e-01;1.906332373619079590e+00
-7.359161450141079586e-01;1.899173557758331299e+00
-7.315528218841220731e-01;1.892631351947784424e+00
-7.271894987541362987e-01;1.885289549827575684e+00
-7.228261756241504132e-01;1.875155270099639893e+00
-7.184628524941646388e-01;1.870623081922531128e+00
-7.140995293641787534e-01;1.863435804843902588e+00
-7.097362062341929789e-01;1.856417059898376465e+00
-7.053728831042070935e-01;1.848171800374984741e+00
-7.010095599742213190e-01;1.843911111354827881e+00
-6.966462368442354336e-01;1.835247129201889038e+00
-6.922829137142496592e-01;1.829381287097930908e+00
-6.879195905842638847e-01;1.823270618915557861e+00
-6.835562674542779993e-01;1.817438304424285889e+00
-6.791929443242922249e-01;1.808023154735565186e+00
-6.748296211943063394e-01;1.804665327072143555e+00
-6.704662980643205650e-01;1.797776073217391968e+00
-6.661029749343346795e-01;1.790315806865692139e+00
-6.617396518043489051e-01;1.785358935594558716e+00
-6.573763286743630196e-01;1.779512465000152588e+00
-6.530130055443772452e-01;1.772080361843109131e+00
-6.486496824143914708e-01;1.765228807926177979e+00
-6.442863592844055853e-01;1.760157644748687744e+00
-6.399230361544198109e-01;1.756074577569961548e+00
-6.355597130244339255e-01;1.750838160514831543e+00
-6.311963898944481510e-01;1.743836402893066406e+00
-6.268330667644622656e-01;1.738649457693099976e+00
-6.224697436344764911e-01;1.730933040380477905e+00
-6.181064205044906057e-01;1.728992909193038940e+00
-6.137430973745048313e-01;1.722201406955718994e+00
-6.093797742445190568e-01;1.717052310705184937e+00
-6.050164511145331714e-01;1.710776090621948242e+00
-6.006531279845473970e-01;1.704571843147277832e+00
-5.962898048545615115e-01;1.700529605150222778e+00
-5.919264817245757371e-01;1.694463640451431274e+00
-5.875631585945898516e-01;1.689582318067550659e+00
-5.831998354646040772e-01;1.688371598720550537e+00
-5.788365123346181917e-01;1.682389825582504272e+00
-5.744731892046324173e-01;1.683589518070220947e+00
-5.701098660746466429e-01;1.693368256092071533e+00
-5.657465429446607574e-01;1.706403493881225586e+00
-5.613832198146749830e-01;1.716347634792327881e+00
-5.570198966846890976e-01;1.731499135494232178e+00
-5.526565735547033231e-01;1.741593182086944580e+00
-5.482932504247174377e-01;6.129944920539855957e+00
-5.439299272947316632e-01;4.579978585243225098e+00
-5.395666041647457778e-01;4.568812251091003418e+00
-5.352032810347600034e-01;4.559090733528137207e+00
-5.308399579047742289e-01;4.546224176883697510e+00
-5.264766347747884545e-01;4.549613893032073975e+00
-5.221133116448024580e-01;4.586416184902191162e+00
-5.177499885148166836e-01;4.618872106075286865e+00
-5.133866653848309092e-01;4.655610024929046631e+00
-5.090233422548451347e-01;4.691039919853210449e+00
-5.046600191248591383e-01;4.728584289550781250e+00
-5.002966959948733638e-01;4.760379195213317871e+00
-4.959333728648875894e-01;4.796980023384094238e+00
-4.915700497349018150e-01;4.831892848014831543e+00
-4.872067266049160406e-01;4.867587089538574219e+00
-4.828434034749300441e-01;4.907648563385009766e+00
-4.784800803449442697e-01;4.949216246604919434e+00
-4.741167572149584952e-01;4.988934993743896484e+00
-4.697534340849727208e-01;5.030143857002258301e+00
-4.653901109549867243e-01;5.068928003311157227e+00
-4.610267878250009499e-01;5.112022161483764648e+00
-4.566634646950151755e-01;5.158585309982299805e+00
-4.523001415650294010e-01;5.199914574623107910e+00
-4.479368184350436266e-01;5.245232582092285156e+00
-4.435734953050576301e-01;5.293894410133361816e+00
-4.392101721750718557e-01;5.343946814537048340e+00
-4.348468490450860813e-01;5.392434000968933105e+00
-4.304835259151003068e-01;5.442854166030883789e+00
-4.261202027851143104e-01;5.498196482658386230e+00
-4.217568796551285359e-01;5.549078583717346191e+00
-4.173935565251427615e-01;5.604735612869262695e+00
-4.130302333951569871e-01;5.658330917358398438e+00
-4.086669102651712127e-01;5.702031254768371582e+00
-4.043035871351852162e-01;5.693280696868896484e+00
-3.999402640051994418e-01;5.682728290557861328e+00
-3.955769408752136673e-01;5.668788552284240723e+00
-3.912136177452278929e-01;5.658472776412963867e+00
-3.868502946152418964e-01;5.650689005851745605e+00
-3.824869714852561220e-01;5.638552904129028320e+00
-3.781236483552703476e-01;5.629689693450927734e+00
-3.737603252252845731e-01;5.621400475502014160e+00
-3.693970020952987987e-01;5.612711310386657715e+00
-3.650336789653128022e-01;5.601718425750732422e+00
-3.606703558353270278e-01;5.591506958007812500e+00
-3.563070327053412534e-01;5.582596063613891602e+00
-3.519437095753554789e-01;5.575207471847534180e+00
-3.475803864453694825e-01;5.566517710685729980e+00
-3.432170633153837080e-01;5.555909276008605957e+00
-3.388537401853979336e-01;5.548227429389953613e+00
-3.344904170554121592e-01;5.539970993995666504e+00
-3.301270939254263848e-01;5.530583858489990234e+00
-3.257637707954403883e-01;5.523627996444702148e+00
-3.214004476654546139e-01;5.514737367630004883e+00
-3.170371245354688394e-01;5.506629347801208496e+00
-3.126738014054830650e-01;5.500066280364990234e+00
-3.083104782754970685e-01;5.493375658988952637e+00
-3.039471551455112941e-01;5.482585430145263672e+00
-2.995838320155255197e-01;5.474749207496643066e+00
-2.952205088855397452e-01;5.467661023139953613e+00
-2.908571857555539708e-01;5.460306406021118164e+00
-2.864938626255679743e-01;5.454322099685668945e+00
-2.821305394955821999e-01;5.448703169822692871e+00
-2.777672163655964255e-01;5.439561605453491211e+00
-2.734038932356106510e-01;5.435556769371032715e+00
-2.690405701056246546e-01;5.428249239921569824e+00
-2.646772469756388801e-01;5.423466563224792480e+00
-2.603139238456531057e-01;5.416284203529357910e+00
-2.559506007156673313e-01;5.409277081489562988e+00
-2.515872775856815569e-01;5.403178930282592773e+00
-2.472239544556955604e-01;5.398184061050415039e+00
-2.428606313257097860e-01;1.451850980520248413e+00
-2.384973081957240115e-01;1.447717100381851196e+00
-2.341339850657382371e-01;1.448062360286712646e+00
-2.297706619357522406e-01;1.445182859897613525e+00
-2.254073388057664662e-01;1.444202214479446411e+00
-2.210440156757806918e-01;1.440863013267517090e+00
-2.166806925457949173e-01;1.439685970544815063e+00
-2.123173694158091429e-01;1.438971310853958130e+00
-2.079540462858231464e-01;1.437844634056091309e+00
-2.035907231558373720e-01;1.437674313783645630e+00
-1.992274000258515976e-01;1.437259018421173096e+00
-1.948640768958658231e-01;1.435170322656631470e+00
-1.905007537658798267e-01;1.432338654994964600e+00
-1.861374306358940522e-01;1.431196779012680054e+00
-1.817741075059082778e-01;1.433036476373672485e+00
-1.774107843759225034e-01;1.431549489498138428e+00
-1.730474612459367290e-01;1.427498757839202881e+00
-1.686841381159507325e-01;1.426204144954681396e+00
-1.643208149859649581e-01;1.428409814834594727e+00
-1.599574918559791836e-01;1.424677520990371704e+00
-1.555941687259934092e-01;1.423309296369552612e+00
-1.512308455960074127e-01;1.422690153121948242e+00
-1.468675224660216383e-01;1.424376070499420166e+00
-1.425041993360358639e-01;1.420781463384628296e+00
-1.381408762060500894e-01;1.422951519489288330e+00
-1.337775530760643150e-01;1.420005261898040771e+00
-1.294142299460783185e-01;1.418182998895645142e+00
-1.250509068160925441e-01;1.419607698917388916e+00
-1.206875836861067697e-01;1.419972181320190430e+00
-1.163242605561209952e-01;1.418252885341644287e+00
-1.119609374261349988e-01;1.416767537593841553e+00
-1.075976142961492243e-01;1.417409479618072510e+00
-1.032342911661634499e-01;1.417191326618194580e+00
-9.887096803617767549e-02;1.413655430078506470e+00
-9.450764490619190106e-02;1.412990987300872803e+00
-9.014432177620590458e-02;1.413334906101226807e+00
-8.578099864622013015e-02;1.411972194910049438e+00
-8.141767551623435573e-02;1.411612331867218018e+00
-7.705435238624858130e-02;1.412692964076995850e+00
-7.269102925626258482e-02;1.411624699831008911e+00
-6.832770612627681039e-02;1.412485986948013306e+00
-6.396438299629103597e-02;1.410512775182723999e+00
-5.960105986630526154e-02;1.408687382936477661e+00
-5.523773673631948711e-02;1.408019214868545532e+00
-5.087441360633349063e-02;1.410177052021026611e+00
-4.651109047634771620e-02;1.407434791326522827e+00
-4.214776734636194178e-02;1.410493999719619751e+00
-3.778444421637616735e-02;1.409786939620971680e+00
-3.342112108639017087e-02;1.406905800104141235e+00
-2.905779795640439644e-02;1.409297883510589600e+00
-2.469447482641862202e-02;1.409957259893417358e+00
-2.033115169643284759e-02;1.406778246164321899e+00
-1.596782856644707316e-02;1.409592628479003906e+00
-1.160450543646107668e-02;1.408950984477996826e+00
-7.241182306475302255e-03;1.407162845134735107e+00
-2.877859176489527826e-03;1.409103870391845703e+00
1.485463953496246603e-03;1.406444311141967773e+00
5.848787083482243077e-03;1.407734304666519165e+00
1.021211021346801751e-02;1.407972425222396851e+00
1.457543334345379193e-02;1.406522542238235474e+00
1.893875647343956636e-02;1.406909972429275513e+00
2.330207960342534079e-02;1.406451910734176636e+00
2.766540273341133727e-02;1.406405419111251831e+00
3.202872586339711170e-02;1.407308727502822876e+00
3.639204899338288612e-02;1.408021748065948486e+00
4.075537212336866055e-02;1.407989710569381714e+00
4.511869525335465703e-02;1.409888863563537598e+00
4.948201838334043146e-02;1.409863382577896118e+00
5.384534151332620588e-02;1.410069167613983154e+00
5.820866464331198031e-02;1.409619152545928955e+00
6.257198777329775474e-02;1.409068405628204346e+00
6.693531090328375122e-02;1.410651355981826782e+00
7.129863403326952564e-02;1.412716954946517944e+00
7.566195716325530007e-02;1.410803049802780151e+00
8.002528029324107450e-02;1.412152796983718872e+00
8.438860342322707098e-02;1.412784904241561890e+00
8.875192655321284541e-02;1.412509977817535400e+00
9.311524968319861983e-02;1.413273215293884277e+00
9.747857281318439426e-02;1.413525789976119995e+00
1.018418959431701687e-01;1.414670944213867188e+00
1.062052190731561652e-01;1.414100974798202515e+00
1.105685422031419396e-01;1.415260583162307739e+00
1.149318653331277140e-01;1.417447924613952637e+00
1.192951884631134885e-01;1.415886729955673218e+00
1.236585115930994849e-01;1.416572332382202148e+00
1.280218347230852594e-01;1.421112716197967529e+00
1.323851578530710338e-01;1.421606838703155518e+00
1.367484809830568082e-01;1.419721096754074097e+00
1.411118041130428047e-01;1.421613246202468872e+00
1.454751272430285791e-01;1.422380357980728149e+00
1.498384503730143535e-01;1.423052996397018433e+00
1.542017735030001280e-01;1.425314247608184814e+00
1.585650966329859024e-01;1.425578743219375610e+00
1.629284197629718989e-01;1.426133215427398682e+00
1.672917428929576733e-01;1.429200172424316406e+00
1.716550660229434477e-01;1.430052816867828369e+00
1.760183891529292222e-01;1.430424898862838745e+00
1.803817122829152186e-01;1.431213319301605225e+00
1.847450354129009931e-01;1.431836485862731934e+00
1.891083585428867675e-01;1.432183086872100830e+00
1.934716816728725419e-01;1.436263769865036011e+00
1.978350048028583164e-01;1.436052024364471436e+00
2.021983279328443128e-01;1.437670886516571045e+00
2.065616510628300873e-01;1.439479440450668335e+00
2.109249741928158617e-01;1.440989226102828979e+00
2.152882973228016361e-01;1.439566612243652344e+00
2.196516204527876326e-01;1.441589295864105225e+00
2.240149435827734070e-01;1.442379057407379150e+00
2.283782667127591814e-01;1.445248126983642578e+00
2.327415898427449559e-01;1.447024643421173096e+00
2.371049129727307303e-01;1.448433995246887207e+00
2.414682361027167268e-01;1.450180113315582275e+00
2.458315592327025012e-01;1.452536284923553467e+00
2.501948823626882756e-01;1.451525837182998657e+00
2.545582054926740501e-01;1.455076485872268677e+00
2.589215286226600465e-01;1.457456499338150024e+00
2.632848517526458210e-01;1.456297785043716431e+00
2.676481748826315954e-01;1.459626257419586182e+00
2.720114980126173698e-01;1.463376581668853760e+00
2.763748211426031443e-01;1.463338434696197510e+00
2.807381442725891407e-01;1.466635167598724365e+00
2.851014674025749152e-01;1.466231644153594971e+00
2.894647905325606896e-01;1.467600315809249878e+00
2.938281136625464640e-01;1.470279395580291748e+00
2.981914367925324605e-01;1.473520398139953613e+00
3.025547599225182349e-01;1.473017632961273193e+00
3.069180830525040093e-01;1.475583016872406006e+00
3.112814061824897838e-01;1.478201448917388916e+00
3.156447293124755582e-01;1.481464058160781860e+00
3.200080524424615547e-01;1.483601629734039307e+00
3.243713755724473291e-01;1.485486924648284912e+00
3.287346987024331035e-01;1.487721949815750122e+00
3.330980218324188780e-01;1.488510668277740479e+00
3.374613449624048744e-01;1.490848958492279053e+00
3.418246680923906489e-01;1.493698060512542725e+00
3.461879912223764233e-01;1.494772583246231079e+00
3.505513143523621977e-01;1.498434990644454956e+00
3.549146374823479722e-01;1.502024531364440918e+00
3.592779606123339686e-01;1.502577364444732666e+00
3.636412837423197431e-01;1.507767736911773682e+00
3.680046068723055175e-01;1.507762968540191650e+00
3.723679300022912919e-01;1.512324362993240356e+00
3.767312531322772884e-01;1.513830125331878662e+00
3.810945762622630628e-01;1.514720618724822998e+00
3.854578993922488372e-01;1.520781069993972778e+00
3.898212225222346117e-01;1.520315855741500854e+00
3.941845456522203861e-01;1.526034623384475708e+00
3.985478687822063826e-01;1.529353410005569458e+00
4.029111919121921570e-01;1.530603468418121338e+00
4.072745150421779314e-01;1.534428149461746216e+00
4.116378381721637059e-01;1.536033451557159424e+00
4.160011613021497023e-01;1.538873016834259033e+00
4.203644844321354768e-01;1.540555804967880249e+00
4.247278075621212512e-01;1.545759439468383789e+00
4.290911306921070256e-01;1.549476087093353271e+00
4.334544538220928001e-01;1.552565991878509521e+00
4.378177769520787965e-01;1.555400192737579346e+00
4.421811000820645710e-01;1.555784046649932861e+00
4.465444232120503454e-01;1.559560745954513550e+00
4.509077463420361198e-01;1.563693583011627197e+00
4.552710694720221163e-01;1.568217426538467407e+00
4.596343926020078907e-01;1.571848839521408081e+00
4.639977157319936651e-01;1.576152890920639038e+00
4.683610388619796616e-01;1.579367816448211670e+00
4.727243619919652140e-01;1.579206287860870361e+00
4.770876851219512105e-01;1.584193408489227295e+00
4.814510082519367629e-01;1.586283445358276367e+00
4.858143313819227593e-01;1.591549813747406006e+00
4.901776545119087558e-01;1.593857109546661377e+00
4.945409776418943082e-01;1.598195731639862061e+00
4.989043007718803047e-01;1.602312624454498291e+00
5.032676239018658571e-01;1.606240123510360718e+00
5.076309470318518535e-01;1.612729132175445557e+00
5.119942701618378500e-01;1.615905016660690308e+00
5.163575932918234024e-01;1.618239134550094604e+00
5.207209164218093989e-01;1.624268591403961182e+00
5.250842395517953953e-01;1.628422439098358154e+00
5.294475626817809477e-01;1.629881411790847778e+00
5.338108858117669442e-01;1.636598259210586548e+00
5.381742089417524966e-01;1.639332771301269531e+00
5.425375320717384930e-01;1.641909480094909668e+00
5.469008552017244895e-01;1.647485792636871338e+00
5.512641783317100419e-01;1.654275953769683838e+00
5.556275014616960384e-01;1.655712425708770752e+00
5.599908245916815908e-01;1.659629791975021362e+00
5.643541477216675872e-01;1.667234897613525391e+00
5.687174708516535837e-01;1.668819040060043335e+00
5.730807939816391361e-01;1.676588952541351318e+00
5.774441171116251326e-01;1.681554913520812988e+00
5.818074402416106850e-01;1.683851927518844604e+00
5.861707633715966814e-01;1.688649803400039673e+00
5.905340865015826779e-01;1.694993078708648682e+00
5.948974096315682303e-01;1.697732806205749512e+00
5.992607327615542268e-01;1.703603416681289673e+00
6.036240558915402232e-01;1.709887832403182983e+00
6.079873790215257756e-01;1.713149249553680420e+00
6.123507021515117721e-01;1.720646321773529053e+00
6.167140252814973245e-01;1.725616157054901123e+00
6.210773484114833209e-01;1.730695068836212158e+00
6.254406715414693174e-01;1.737005859613418579e+00
6.298039946714548698e-01;1.742775291204452515e+00
6.341673178014408663e-01;1.748386323451995850e+00
6.385306409314264187e-01;1.754994094371795654e+00
6.428939640614124151e-01;1.759575158357620239e+00
6.472572871913984116e-01;1.764638125896453857e+00
6.516206103213839640e-01;1.769808679819107056e+00
6.559839334513699605e-01;1.776599436998367310e+00
6.603472565813555128e-01;1.781948208808898926e+00
6.647105797113415093e-01;1.788660883903503418e+00
6.690739028413275058e-01;1.794202476739883423e+00
6.734372259713130582e-01;1.802269816398620605e+00
6.778005491012990547e-01;1.807492822408676147e+00
6.821638722312850511e-01;1.814493387937545776e+00
6.865271953612706035e-01;1.821182221174240112e+00
6.908905184912566000e-01;1.827620565891265869e+00
6.952538416212421524e-01;1.834265291690826416e+00
6.996171647512281488e-01;1.840232908725738525e+00
7.039804878812141453e-01;1.847875416278839111e+00
7.083438110111996977e-01;1.853855550289154053e+00
7.127071341411856942e-01;1.860299706459045410e+00
7.170704572711712466e-01;1.865694671869277954e+00
7.214337804011572430e-01;1.875871717929840088e+00
7.257971035311432395e-01;1.884001642465591431e+00
7.301604266611287919e-01;1.887421756982803345e+00
7.345237497911147884e-01;1.898696571588516235e+00
7.388870729211007848e-01;1.904279738664627075e+00
7.432503960510863372e-01;1.910069882869720459e+00
7.476137191810723337e-01;1.919891238212585449e+00
7.519770423110578861e-01;1.929432451725006104e+00
7.563403654410438826e-01;1.935228854417800903e+00
7.607036885710298790e-01;1.942225545644760132e+00
7.650670117010154314e-01;1.952338367700576782e+00
7.694303348310014279e-01;1.958484202623367310e+00
7.737936579609869803e-01;1.966762989759445190e+00
7.781569810909729767e-01;1.976065337657928467e+00
7.825203042209589732e-01;1.985816955566406250e+00
7.868836273509445256e-01;1.993741840124130249e+00
7.912469504809305221e-01;2.004244029521942139e+00
7.956102736109160745e-01;2.009684592485427856e+00
7.999735967409020709e-01;2.018592655658721924e+00
8.043369198708880674e-01;2.028836756944656372e+00
8.087002430008736198e-01;2.040473967790603638e+00
8.130635661308596163e-01;2.035212963819503784e+00
8.174268892608456127e-01;2.024569511413574219e+00
8.217902123908311651e-01;2.018911838531494141e+00
